min
temps=6500:3400
latlon=0.000000:0.000000
speed=519
method=VidMode
map=177.00|100.00;3.00|100.00;-6.00|0.00;-174.00|0.00;
